1-1(244, 216, 107)
1-2(146, 79, 0)
1-3(143, 108, 24)
1-4(188, 159, 89)
1-5(144, 98, 20)
1-6(201, 171, 57)
1-7(132, 91, 9)
2-1(186, 150, 56)
2-2(93, 70, 56)
2-3(79, 148, 203)
2-4(103, 184, 107)
2-5(164, 127, 75)
2-6(201, 133, 52)
2-7(192, 146, 35)
2-8(177, 85, 38)
2-9(218, 192, 95)
2-10(203, 168, 78)
2-11(182, 161, 36)
2-12(214, 94, 59)
2-13(175, 104, 42)
2-14(138, 105, 60)
3-1(84, 53, 0)
3-2(118, 189, 121)
3-3(86, 162, 90)
3-4(83, 194, 224)
3-5(111, 182, 202)
3-6(216, 154, 71)
3-7(154, 120, 57)
3-8(175, 108, 29)
3-9(209, 196, 65)
3-10(179, 143, 83)
3-11(148, 23, 0)
3-12(212, 147, 65)
3-13(211, 170, 116)
3-14(218, 209, 72)
3-15(139, 103, 0)
3-16(142, 10, 8)
3-17(196, 130, 52)
3-18(98, 74, 26)
4-1(71, 117, 176)
4-2(20, 36, 7)
4-3(184, 146, 75)
4-4(190, 154, 94)
4-5(123, 173, 112)
4-6(125, 89, 37)
4-7(150, 117, 76)
4-8(181, 141, 79)
4-9(201, 166, 76)
4-10(184, 149, 55)
4-11(185, 125, 39)
4-12(148, 63, 8)
4-13(206, 63, 55)
4-14(207, 103, 64)
4-15(220, 107, 75)
4-16(240, 114, 115)
4-17(204, 167, 76)
4-18(218, 64, 72)
4-19(218, 147, 55)
4-20(218, 190, 67)
4-21(203, 73, 51)
5-1(200, 171, 103)
5-2(102, 178, 104)
5-3(177, 140, 72)
5-4(100, 182, 204)
5-5(115, 182, 115)
5-6(93, 145, 79)
5-7(154, 118, 70)
5-8(194, 159, 69)
5-9(209, 177, 74)
5-10(180, 144, 82)
5-11(119, 167, 107)
5-12(231, 212, 84)
5-13(221, 60, 65)
5-14(215, 203, 69)
5-15(180, 144, 84)
5-16(182, 146, 88)
5-17(201, 166, 74)
5-18(182, 66, 69)
5-19(223, 67, 68)
5-20(211, 72, 65)
5-21(184, 99, 44)
5-22(195, 63, 48)
5-23(135, 94, 12)
5-24(223, 197, 76)
6-1(151, 121, 83)
6-2(127, 99, 59)
6-3(54, 108, 59)
6-4(156, 117, 58)
6-5(127, 92, 52)
6-6(131, 171, 118)
6-7(108, 175, 106)
6-8(176, 140, 78)
6-9(110, 119, 90)
6-10(218, 206, 62)
6-11(180, 144, 86)
6-12(139, 77, 0)
6-13(221, 160, 79)
6-14(220, 202, 64)
6-15(204, 103, 59)
6-16(178, 142, 82)
6-17(188, 156, 55)
6-18(200, 164, 76)
6-19(210, 126, 66)
6-20(220, 57, 62)
6-21(201, 105, 65)
6-22(217, 145, 71)
6-23(218, 206, 68)
6-24(157, 121, 71)
6-25(219, 148, 70)
6-26(144, 115, 0)
7-1(152, 117, 77)
7-2(199, 164, 72)
7-3(183, 146, 91)
7-4(181, 143, 81)
7-5(185, 152, 57)
7-6(162, 122, 71)
7-7(167, 136, 72)
7-8(152, 119, 74)
7-9(179, 144, 80)
7-10(226, 205, 78)
7-11(198, 140, 56)
7-12(166, 129, 59)
7-13(209, 178, 61)
7-14(213, 146, 59)
7-15(224, 111, 79)
7-16(142, 114, 77)
7-17(203, 165, 82)
7-18(219, 129, 128)
7-19(210, 58, 55)
7-20(193, 124, 47)
7-21(219, 198, 71)
7-22(212, 144, 61)
7-23(160, 121, 16)
7-24(148, 22, 7)
7-25(196, 158, 77)
7-26(137, 157, 120)
7-27(160, 131, 29)
7-28(90, 53, 1)
8-1(173, 135, 73)
8-2(103, 179, 195)
8-3(174, 139, 75)
8-4(192, 156, 98)
8-5(208, 174, 74)
8-6(148, 181, 196)
8-7(141, 104, 62)
8-8(120, 172, 193)
8-9(56, 37, 7)
8-10(76, 140, 201)
8-11(165, 81, 21)
8-12(76, 172, 210)
8-13(92, 178, 193)
8-14(155, 196, 156)
8-15(65, 33, 0)
8-16(155, 191, 155)
8-17(228, 209, 81)
8-18(222, 78, 70)
8-19(190, 45, 40)
8-20(125, 125, 99)
8-21(142, 112, 76)
8-22(222, 205, 75)
8-23(217, 149, 66)
8-24(213, 144, 66)
8-25(198, 105, 62)
8-26(173, 137, 77)
8-27(161, 130, 66)
8-28(146, 115, 50)
8-29(75, 39, 0)
9-1(137, 111, 76)
9-2(104, 180, 196)
9-3(164, 128, 68)
9-4(190, 154, 66)
9-5(173, 134, 77)
9-6(159, 178, 195)
9-7(168, 132, 18)
9-8(214, 205, 64)
9-9(101, 209, 222)
9-10(92, 179, 198)
9-11(116, 203, 212)
9-12(92, 191, 210)
9-13(105, 186, 110)
9-14(130, 191, 122)
9-15(99, 187, 101)
9-16(95, 170, 101)
9-17(97, 170, 185)
9-18(112, 163, 97)
9-19(123, 183, 119)
9-20(95, 183, 203)
9-21(140, 67, 0)
9-22(216, 146, 58)
9-23(180, 143, 62)
9-24(220, 205, 76)
9-25(161, 192, 158)
9-26(206, 169, 80)
9-27(216, 202, 71)
9-28(216, 198, 72)
9-29(112, 87, 67)
9-30(162, 128, 82)
9-31(107, 78, 34)
10-1(178, 119, 41)
10-2(160, 132, 32)
10-3(204, 168, 84)
10-4(165, 138, 33)
10-5(124, 91, 46)
10-6(202, 169, 76)
10-7(120, 84, 32)
10-8(108, 181, 196)
10-9(79, 194, 215)
10-10(108, 174, 112)
10-11(94, 173, 190)
10-12(120, 199, 212)
10-13(75, 103, 186)
10-14(50, 114, 178)
10-15(31, 82, 147)
10-16(72, 125, 193)
10-17(84, 199, 218)
10-18(74, 103, 183)
10-19(132, 170, 189)
10-20(106, 188, 112)
10-21(177, 147, 51)
10-22(169, 130, 55)
10-23(213, 187, 64)
10-24(165, 132, 81)
10-25(208, 177, 87)
10-26(214, 194, 63)
10-27(210, 145, 61)
10-28(186, 146, 35)
10-29(222, 157, 73)
10-30(194, 160, 62)
10-31(211, 161, 64)
10-32(40, 26, 0)
11-1(162, 128, 67)
11-2(213, 188, 69)
11-3(172, 136, 74)
11-4(180, 144, 82)
11-5(203, 170, 73)
11-6(172, 145, 38)
11-7(201, 165, 79)
11-8(73, 131, 195)
11-9(114, 169, 189)
11-10(158, 196, 155)
11-11(82, 199, 216)
11-12(84, 74, 186)
11-13(28, 50, 133)
11-14(79, 177, 212)
11-15(114, 83, 151)
11-16(105, 183, 232)
11-17(84, 75, 184)
11-18(76, 134, 198)
11-19(73, 127, 197)
11-20(82, 197, 218)
11-21(82, 78, 189)
11-22(151, 115, 65)
11-23(141, 156, 117)
11-24(185, 150, 82)
11-25(183, 145, 83)
11-26(204, 169, 79)
11-27(174, 138, 78)
11-28(185, 156, 39)
11-29(139, 106, 63)
11-30(223, 204, 75)
11-31(170, 134, 24)
11-32(90, 66, 20)
11-33(176, 141, 83)
12-1(216, 197, 69)
12-2(200, 163, 83)
12-3(210, 191, 70)
12-4(188, 152, 56)
12-5(216, 171, 90)
12-6(146, 205, 151)
12-7(194, 181, 53)
12-8(128, 97, 32)
12-9(107, 175, 198)
12-10(45, 109, 170)
12-11(35, 84, 151)
12-12(83, 74, 183)
12-13(83, 74, 183)
12-14(68, 126, 190)
12-15(89, 185, 225)
12-16(71, 130, 196)
12-17(75, 104, 184)
12-18(84, 134, 203)
12-19(87, 179, 220)
12-20(64, 128, 189)
12-21(85, 76, 185)
12-22(86, 74, 186)
12-23(120, 197, 213)
12-24(125, 168, 112)
12-25(102, 184, 196)
12-26(220, 204, 69)
12-27(118, 172, 110)
12-28(182, 143, 84)
12-29(183, 144, 85)
12-30(178, 142, 80)
12-31(221, 181, 109)
12-32(155, 117, 68)
12-33(181, 148, 53)
12-34(132, 103, 73)
13-1(79, 169, 177)
13-2(201, 164, 75)
13-3(178, 139, 80)
13-4(174, 142, 85)
13-5(161, 123, 61)
13-6(169, 119, 22)
13-7(181, 146, 82)
13-8(214, 179, 85)
13-9(159, 61, 16)
13-10(72, 129, 196)
13-11(76, 131, 196)
13-12(75, 103, 186)
13-13(75, 141, 202)
13-14(77, 132, 199)
13-15(81, 154, 207)
13-16(90, 155, 213)
13-17(75, 100, 184)
13-18(62, 120, 183)
13-19(115, 84, 152)
13-20(54, 90, 168)
13-21(113, 81, 148)
13-22(74, 98, 184)
13-23(113, 82, 150)
13-24(78, 75, 182)
13-25(86, 137, 202)
13-26(94, 177, 195)
13-27(218, 202, 67)
13-28(188, 151, 63)
13-29(185, 146, 87)
13-30(184, 151, 58)
13-31(215, 202, 71)
13-32(192, 127, 43)
13-33(164, 128, 70)
13-34(194, 157, 87)
13-35(215, 185, 89)
14-1(74, 77, 46)
14-2(172, 139, 86)
14-3(148, 109, 66)
14-4(97, 174, 192)
14-5(192, 149, 80)
14-6(88, 199, 219)
14-7(143, 115, 68)
14-8(123, 90, 45)
14-9(158, 125, 74)
14-10(75, 130, 195)
14-11(75, 103, 186)
14-12(75, 103, 186)
14-13(72, 101, 181)
14-14(72, 130, 194)
14-15(144, 113, 173)
14-16(144, 113, 173)
14-17(144, 113, 173)
14-18(71, 99, 182)
14-19(74, 103, 183)
14-20(71, 129, 193)
14-21(114, 83, 151)
14-22(114, 83, 151)
14-23(144, 112, 175)
14-24(83, 74, 183)
14-25(75, 103, 186)
14-26(52, 35, 0)
14-27(86, 144, 86)
14-28(165, 126, 69)
14-29(209, 174, 72)
14-30(176, 140, 80)
14-31(182, 147, 83)
14-32(226, 205, 77)
14-33(214, 60, 60)
14-34(177, 141, 81)
14-35(221, 204, 74)
15-1(180, 124, 73)
15-2(194, 159, 75)
15-3(167, 133, 87)
15-4(150, 118, 71)
15-5(82, 197, 216)
15-6(84, 199, 218)
15-7(54, 150, 175)
15-8(107, 189, 113)
15-9(103, 183, 110)
15-10(100, 179, 194)
15-11(74, 103, 183)
15-12(86, 169, 209)
15-13(79, 104, 188)
15-14(102, 189, 234)
15-15(144, 113, 173)
15-16(109, 80, 144)
15-17(77, 108, 188)
15-18(84, 75, 184)
15-19(75, 103, 186)
15-20(73, 101, 184)
15-21(114, 83, 151)
15-22(115, 84, 152)
15-23(113, 82, 150)
15-24(114, 83, 151)
15-25(69, 97, 181)
15-26(80, 108, 67)
15-27(86, 199, 217)
15-28(195, 164, 73)
15-29(208, 171, 90)
15-30(163, 126, 73)
15-31(194, 158, 74)
15-32(201, 164, 86)
15-33(200, 102, 63)
15-34(117, 178, 111)
15-35(173, 130, 77)
16-1(141, 109, 62)
16-2(84, 139, 159)
16-3(150, 118, 80)
16-4(187, 149, 84)
16-5(118, 200, 212)
16-6(145, 120, 89)
16-7(190, 156, 108)
16-8(133, 154, 113)
16-9(108, 190, 114)
16-10(84, 155, 207)
16-11(137, 178, 196)
16-12(187, 164, 68)
16-13(89, 178, 222)
16-14(74, 129, 194)
16-15(93, 81, 191)
16-16(81, 185, 214)
16-17(143, 112, 172)
16-18(42, 91, 157)
16-19(75, 133, 197)
16-20(114, 83, 151)
16-21(84, 75, 184)
16-22(80, 197, 214)
16-23(78, 105, 186)
16-24(79, 108, 188)
16-25(148, 114, 174)
16-26(35, 55, 144)
16-27(19, 92, 143)
16-28(71, 129, 192)
16-29(210, 175, 81)
16-30(142, 183, 201)
16-31(145, 110, 78)
16-32(197, 164, 69)
16-33(170, 135, 71)
16-34(212, 146, 62)
16-35(177, 141, 81)
16-36(154, 118, 70)
16-37(118, 176, 115)
17-1(62, 52, 17)
17-2(128, 171, 115)
17-3(178, 143, 85)
17-4(115, 198, 212)
17-5(169, 131, 68)
17-6(118, 92, 75)
17-7(124, 94, 66)
17-8(92, 182, 108)
17-9(190, 155, 97)
17-10(81, 198, 218)
17-11(92, 173, 192)
17-12(98, 173, 196)
17-13(81, 136, 203)
17-14(75, 103, 186)
17-15(75, 103, 186)
17-16(85, 105, 192)
17-17(147, 111, 173)
17-18(89, 81, 193)
17-19(77, 135, 199)
17-20(82, 73, 182)
17-21(81, 71, 183)
17-22(84, 75, 184)
17-23(84, 75, 184)
17-24(84, 72, 184)
17-25(81, 106, 188)
17-26(72, 126, 200)
17-27(85, 75, 187)
17-28(86, 140, 210)
17-29(130, 181, 115)
17-30(243, 217, 96)
17-31(125, 204, 217)
17-32(184, 147, 92)
17-33(195, 161, 64)
17-34(177, 141, 83)
17-35(106, 116, 81)
17-36(114, 183, 129)
17-37(111, 188, 116)
18-1(170, 135, 81)
18-2(163, 127, 75)
18-3(116, 202, 217)
18-4(101, 178, 196)
18-5(117, 175, 116)
18-6(120, 181, 122)
18-7(118, 91, 44)
18-8(81, 128, 73)
18-9(104, 169, 105)
18-10(25, 31, 0)
18-11(128, 172, 113)
18-12(83, 142, 160)
18-13(112, 81, 149)
18-14(86, 74, 184)
18-15(85, 76, 185)
18-16(83, 71, 181)
18-17(114, 82, 155)
18-18(69, 127, 191)
18-19(83, 74, 183)
18-20(113, 84, 151)
18-21(114, 83, 151)
18-22(111, 83, 157)
18-23(83, 75, 186)
18-24(82, 75, 181)
18-25(84, 75, 184)
18-26(84, 72, 182)
18-27(71, 126, 191)
18-28(178, 142, 68)
18-29(96, 155, 221)
18-30(157, 114, 45)
18-31(164, 119, 62)
18-32(208, 167, 79)
18-33(180, 141, 82)
18-34(124, 124, 100)
18-35(83, 126, 72)
18-36(106, 178, 105)
18-37(73, 131, 195)
19-1(98, 181, 101)
19-2(134, 100, 52)
19-3(121, 90, 46)
19-4(133, 197, 137)
19-5(132, 164, 114)
19-6(145, 112, 71)
19-7(104, 181, 197)
19-8(80, 124, 73)
19-9(113, 196, 212)
19-10(96, 160, 99)
19-11(83, 203, 219)
19-12(82, 74, 186)
19-13(73, 130, 197)
19-14(144, 113, 173)
19-15(75, 102, 183)
19-16(74, 67, 173)
19-17(143, 113, 173)
19-18(166, 132, 193)
19-19(114, 83, 151)
19-20(182, 132, 161)
19-21(114, 85, 151)
19-22(113, 82, 150)
19-23(113, 82, 150)
19-24(113, 83, 147)
19-25(73, 101, 184)
19-26(102, 71, 139)
19-27(74, 135, 198)
19-28(100, 179, 194)
19-29(50, 116, 174)
19-30(32, 102, 162)
19-31(176, 138, 75)
19-32(96, 155, 91)
19-33(167, 130, 75)
19-34(179, 140, 81)
19-35(144, 191, 145)
19-36(94, 175, 192)
19-37(75, 130, 195)
20-1(141, 163, 116)
20-2(150, 119, 72)
20-3(86, 199, 217)
20-4(119, 197, 210)
20-5(189, 199, 191)
20-6(106, 190, 201)
20-7(71, 131, 194)
20-8(102, 178, 192)
20-9(71, 129, 193)
20-10(73, 131, 195)
20-11(70, 162, 201)
20-12(84, 76, 185)
20-13(83, 180, 213)
20-14(78, 125, 195)
20-15(115, 83, 150)
20-16(114, 83, 151)
20-17(112, 81, 148)
20-18(114, 83, 151)
20-19(114, 83, 151)
20-20(114, 83, 151)
20-21(113, 82, 150)
20-22(115, 84, 152)
20-23(114, 85, 151)
20-24(171, 131, 181)
20-25(112, 86, 151)
20-26(111, 80, 148)
20-27(74, 100, 184)
20-28(71, 129, 192)
20-29(91, 172, 193)
20-30(58, 115, 182)
20-31(35, 156, 187)
20-32(180, 143, 90)
20-33(177, 145, 84)
20-34(185, 146, 87)
20-35(120, 165, 108)
20-36(139, 182, 199)
20-37(72, 130, 194)
21-1(24, 40, 1)
21-2(109, 186, 196)
21-3(83, 202, 224)
21-4(122, 180, 119)
21-5(85, 177, 218)
21-6(85, 155, 206)
21-7(84, 189, 210)
21-8(128, 144, 105)
21-9(99, 187, 199)
21-10(104, 197, 212)
21-11(120, 195, 214)
21-12(67, 156, 196)
21-13(74, 132, 196)
21-14(79, 104, 188)
21-15(114, 83, 151)
21-16(114, 83, 151)
21-17(114, 83, 151)
21-18(139, 107, 170)
21-19(113, 82, 150)
21-20(196, 138, 189)
21-21(181, 131, 160)
21-22(113, 82, 150)
21-23(114, 83, 151)
21-24(83, 73, 185)
21-25(81, 75, 185)
21-26(80, 73, 185)
21-27(72, 101, 181)
21-28(75, 132, 199)
21-29(94, 170, 186)
21-30(123, 178, 113)
21-31(180, 142, 71)
21-32(200, 165, 75)
21-33(178, 144, 81)
21-34(180, 140, 88)
21-35(152, 120, 79)
21-36(38, 47, 4)
21-37(80, 180, 216)
22-1(114, 180, 118)
22-2(104, 174, 208)
22-3(124, 162, 111)
22-4(74, 132, 196)
22-5(82, 182, 216)
22-6(115, 174, 108)
22-7(88, 67, 40)
22-8(182, 148, 87)
22-9(83, 177, 215)
22-10(135, 180, 199)
22-11(105, 183, 108)
22-12(74, 132, 196)
22-13(84, 199, 218)
22-14(68, 129, 196)
22-15(117, 87, 159)
22-16(114, 83, 151)
22-17(72, 103, 183)
22-18(82, 68, 181)
22-19(145, 114, 174)
22-20(114, 83, 151)
22-21(181, 131, 160)
22-22(113, 82, 150)
22-23(177, 133, 156)
22-24(142, 111, 171)
22-25(86, 74, 184)
22-26(177, 131, 157)
22-27(83, 154, 210)
22-28(83, 75, 186)
22-29(108, 177, 193)
22-30(176, 140, 80)
22-31(93, 174, 193)
22-32(109, 182, 113)
22-33(182, 146, 84)
22-34(113, 84, 42)
22-35(125, 125, 101)
22-36(186, 159, 104)
22-37(99, 175, 189)
23-1(94, 86, 40)
23-2(106, 170, 94)
23-3(118, 200, 212)
23-4(103, 184, 201)
23-5(99, 149, 90)
23-6(88, 167, 180)
23-7(79, 179, 215)
23-8(79, 175, 213)
23-9(101, 178, 198)
23-10(82, 178, 218)
23-11(78, 131, 197)
23-12(113, 82, 149)
23-13(74, 102, 185)
23-14(84, 75, 184)
23-15(69, 127, 190)
23-16(82, 143, 206)
23-17(75, 101, 185)
23-18(182, 137, 168)
23-19(83, 75, 187)
23-20(113, 82, 150)
23-21(115, 84, 152)
23-22(84, 73, 178)
23-23(82, 75, 187)
23-24(75, 68, 180)
23-25(75, 103, 186)
23-26(89, 201, 221)
23-27(125, 176, 120)
23-28(83, 152, 207)
23-29(154, 121, 76)
23-30(145, 115, 79)
23-31(105, 185, 112)
23-32(101, 86, 79)
23-33(194, 159, 69)
23-34(213, 178, 84)
23-35(96, 176, 103)
23-36(134, 132, 109)
24-1(98, 196, 221)
24-2(120, 185, 203)
24-3(67, 91, 177)
24-4(73, 101, 184)
24-5(84, 180, 218)
24-6(72, 132, 192)
24-7(75, 130, 197)
24-8(63, 172, 205)
24-9(121, 199, 211)
24-10(86, 178, 219)
24-11(82, 197, 216)
24-12(77, 132, 197)
24-13(73, 133, 196)
24-14(74, 111, 191)
24-15(68, 123, 188)
24-16(72, 130, 194)
24-17(75, 101, 185)
24-18(77, 130, 198)
24-19(179, 130, 159)
24-20(164, 129, 195)
24-21(84, 72, 180)
24-22(77, 102, 186)
24-23(80, 68, 178)
24-24(115, 80, 146)
24-25(74, 102, 185)
24-26(74, 132, 196)
24-27(108, 186, 110)
24-28(179, 140, 83)
24-29(183, 143, 91)
24-30(117, 168, 109)
24-31(78, 193, 212)
24-32(143, 112, 68)
24-33(125, 95, 61)
24-34(211, 172, 77)
24-35(112, 188, 114)
24-36(118, 166, 104)
25-1(151, 178, 169)
25-2(55, 112, 142)
25-3(73, 126, 196)
25-4(87, 178, 222)
25-5(78, 175, 208)
25-6(138, 179, 197)
25-7(123, 183, 121)
25-8(76, 179, 212)
25-9(191, 156, 90)
25-10(114, 198, 208)
25-11(168, 136, 89)
25-12(184, 145, 90)
25-13(111, 180, 117)
25-14(98, 175, 195)
25-15(87, 179, 220)
25-16(84, 153, 210)
25-17(84, 72, 184)
25-18(69, 100, 180)
25-19(141, 110, 170)
25-20(71, 102, 184)
25-21(90, 71, 186)
25-22(82, 178, 218)
25-23(111, 84, 153)
25-24(67, 105, 178)
25-25(75, 130, 197)
25-26(76, 103, 184)
25-27(176, 141, 77)
25-28(105, 186, 110)
25-29(106, 178, 202)
25-30(82, 178, 220)
25-31(85, 197, 217)
25-32(165, 129, 79)
25-33(185, 151, 88)
25-34(186, 152, 88)
25-35(105, 165, 101)
25-36(47, 50, 3)
26-1(100, 164, 164)
26-2(68, 132, 203)
26-3(83, 179, 217)
26-4(82, 178, 216)
26-5(101, 181, 204)
26-6(111, 182, 112)
26-7(99, 180, 104)
26-8(77, 128, 194)
26-9(75, 130, 195)
26-10(110, 170, 106)
26-11(123, 200, 216)
26-12(86, 137, 200)
26-13(73, 124, 190)
26-14(114, 83, 151)
26-15(85, 179, 215)
26-16(73, 130, 197)
26-17(74, 102, 185)
26-18(65, 96, 178)
26-19(74, 127, 195)
26-20(79, 139, 201)
26-21(167, 133, 194)
26-22(87, 178, 222)
26-23(78, 129, 195)
26-24(98, 175, 217)
26-25(102, 179, 197)
26-26(182, 142, 80)
26-27(143, 113, 79)
26-28(104, 186, 110)
26-29(192, 197, 191)
26-30(101, 182, 103)
26-31(148, 113, 45)
26-32(130, 151, 110)
26-33(108, 185, 203)
26-34(111, 171, 117)
26-35(109, 197, 209)
27-1(73, 157, 183)
27-2(81, 179, 218)
27-3(118, 200, 212)
27-4(101, 178, 198)
27-5(86, 152, 210)
27-6(133, 178, 197)
27-7(103, 180, 196)
27-8(80, 202, 215)
27-9(167, 178, 198)
27-10(91, 198, 216)
27-11(103, 176, 107)
27-12(74, 103, 183)
27-13(84, 75, 184)
27-14(83, 74, 181)
27-15(77, 177, 211)
27-16(85, 179, 215)
27-17(86, 77, 184)
27-18(73, 127, 191)
27-19(75, 130, 195)
27-20(80, 200, 214)
27-21(73, 131, 195)
27-22(74, 132, 196)
27-23(87, 198, 217)
27-24(146, 111, 81)
27-25(195, 143, 44)
27-26(189, 158, 42)
27-27(137, 155, 115)
27-28(105, 186, 110)
27-29(178, 148, 88)
27-30(99, 169, 99)
27-31(162, 127, 87)
27-32(125, 184, 126)
27-33(112, 161, 106)
28-1(64, 63, 141)
28-2(7, 94, 147)
28-3(117, 199, 211)
28-4(100, 177, 195)
28-5(113, 159, 97)
28-6(125, 198, 213)
28-7(83, 198, 216)
28-8(82, 178, 216)
28-9(111, 170, 104)
28-10(73, 175, 215)
28-11(77, 184, 200)
28-12(76, 113, 193)
28-13(86, 74, 184)
28-14(82, 74, 183)
28-15(84, 76, 187)
28-16(74, 102, 185)
28-17(83, 156, 207)
28-18(78, 132, 202)
28-19(118, 81, 151)
28-20(80, 73, 185)
28-21(62, 183, 204)
28-22(88, 200, 224)
28-23(189, 155, 65)
28-24(197, 157, 69)
28-25(138, 179, 197)
28-26(178, 139, 80)
28-27(175, 137, 74)
28-28(147, 112, 70)
28-29(197, 162, 68)
28-30(110, 172, 107)
28-31(107, 203, 217)
28-32(118, 177, 119)
28-33(94, 97, 66)
29-1(79, 101, 184)
29-2(53, 121, 186)
29-3(56, 127, 183)
29-4(150, 196, 157)
29-5(112, 199, 216)
29-6(84, 153, 208)
29-7(98, 184, 199)
29-8(77, 184, 218)
29-9(126, 185, 121)
29-10(119, 198, 211)
29-11(180, 143, 75)
29-12(103, 180, 200)
29-13(85, 75, 187)
29-14(73, 131, 195)
29-15(73, 130, 197)
29-16(73, 129, 203)
29-17(81, 179, 216)
29-18(116, 200, 210)
29-19(84, 75, 184)
29-20(80, 162, 212)
29-21(160, 125, 57)
29-22(105, 84, 53)
29-23(95, 174, 191)
29-24(107, 190, 204)
29-25(225, 210, 81)
29-26(135, 181, 194)
29-27(172, 138, 75)
29-28(102, 180, 200)
29-29(193, 197, 196)
29-30(167, 178, 196)
29-31(132, 180, 190)
30-1(63, 120, 189)
30-2(85, 177, 218)
30-3(106, 178, 192)
30-4(82, 178, 216)
30-5(81, 180, 211)
30-6(137, 178, 196)
30-7(84, 178, 216)
30-8(118, 200, 212)
30-9(102, 179, 197)
30-10(84, 73, 193)
30-11(96, 178, 192)
30-12(181, 144, 91)
30-13(103, 171, 192)
30-14(68, 165, 198)
30-15(75, 101, 186)
30-16(89, 197, 207)
30-17(108, 175, 194)
30-18(83, 195, 209)
30-19(80, 127, 199)
30-20(89, 175, 190)
30-21(120, 198, 211)
30-22(120, 199, 212)
30-23(122, 200, 213)
30-24(133, 103, 69)
30-25(104, 185, 109)
30-26(109, 182, 113)
30-27(103, 184, 108)
30-28(190, 197, 190)
30-29(102, 179, 195)
30-30(127, 176, 193)
31-1(149, 179, 187)
31-2(105, 180, 199)
31-3(75, 130, 197)
31-4(80, 201, 218)
31-5(117, 199, 211)
31-6(68, 183, 214)
31-7(136, 179, 195)
31-8(115, 170, 105)
31-9(80, 200, 214)
31-10(108, 181, 112)
31-11(111, 202, 203)
31-12(129, 177, 200)
31-13(130, 126, 101)
31-14(202, 104, 65)
31-15(219, 201, 77)
31-16(114, 202, 212)
31-17(76, 129, 199)
31-18(86, 198, 218)
31-19(88, 199, 218)
31-20(116, 171, 106)
31-21(127, 164, 113)
31-22(170, 139, 74)
31-23(104, 186, 112)
31-24(154, 195, 153)
31-25(122, 198, 212)
31-26(109, 182, 111)
31-27(117, 199, 211)
31-28(108, 167, 99)
31-29(131, 176, 199)
32-1(59, 118, 162)
32-2(78, 166, 204)
32-3(65, 134, 189)
32-4(76, 130, 200)
32-5(120, 199, 214)
32-6(154, 197, 152)
32-7(154, 199, 158)
32-8(139, 155, 119)
32-9(75, 130, 197)
32-10(103, 181, 106)
32-11(176, 142, 81)
32-12(176, 140, 80)
32-13(165, 124, 80)
32-14(140, 111, 77)
32-15(179, 143, 81)
32-16(84, 155, 209)
32-17(82, 178, 220)
32-18(113, 185, 121)
32-19(120, 165, 184)
32-20(84, 155, 207)
32-21(93, 190, 113)
32-22(73, 134, 201)
32-23(120, 198, 211)
32-24(101, 178, 194)
32-25(154, 195, 153)
32-26(108, 168, 192)
32-27(75, 185, 210)
33-1(184, 211, 192)
33-2(125, 176, 195)
33-3(51, 119, 164)
33-4(119, 197, 210)
33-5(119, 201, 213)
33-6(166, 177, 197)
33-7(104, 206, 229)
33-8(75, 184, 205)
33-9(79, 140, 207)
33-10(136, 177, 195)
33-11(180, 145, 81)
33-12(90, 200, 213)
33-13(176, 142, 81)
33-14(126, 165, 112)
33-15(200, 164, 78)
33-16(96, 181, 202)
33-17(81, 201, 217)
33-18(137, 176, 193)
33-19(101, 178, 198)
33-20(81, 180, 199)
33-21(85, 196, 213)
33-22(102, 179, 195)
33-23(94, 164, 94)
33-24(137, 178, 196)
33-25(90, 173, 203)
34-1(167, 184, 204)
34-2(68, 144, 196)
34-3(79, 200, 217)
34-4(94, 177, 195)
34-5(102, 179, 197)
34-6(107, 180, 111)
34-7(101, 177, 193)
34-8(158, 196, 157)
34-9(118, 170, 108)
34-10(116, 171, 106)
34-11(117, 171, 113)
34-12(86, 186, 201)
34-13(72, 128, 202)
34-14(136, 177, 197)
34-15(97, 179, 201)
34-16(101, 177, 103)
34-17(75, 129, 199)
34-18(75, 179, 214)
34-19(86, 199, 217)
34-20(101, 176, 195)
34-21(83, 185, 223)
34-22(147, 177, 167)
35-1(0, 64, 120)
35-2(34, 106, 121)
35-3(74, 105, 185)
35-4(104, 183, 198)
35-5(104, 210, 236)
35-6(131, 179, 201)
35-7(136, 177, 197)
35-8(101, 178, 106)
35-9(137, 178, 198)
35-10(84, 181, 216)
35-11(106, 184, 222)
35-12(117, 199, 211)
35-13(107, 177, 107)
35-14(75, 130, 197)
35-15(70, 103, 184)
35-16(66, 151, 192)
35-17(132, 179, 195)
35-18(134, 179, 198)
35-19(94, 179, 199)
36-1(79, 179, 215)
36-2(80, 174, 210)
36-3(116, 173, 190)
36-4(60, 129, 186)
36-5(100, 200, 215)
36-6(102, 179, 195)
36-7(103, 180, 198)
36-8(70, 134, 205)
36-9(100, 177, 187)
36-10(60, 130, 190)
36-11(104, 172, 111)
36-12(115, 174, 106)
36-13(105, 175, 112)
36-14(107, 182, 113)
36-15(87, 186, 225)
37-1(124, 179, 173)
37-2(138, 173, 195)
37-3(109, 174, 192)
37-4(111, 165, 177)
37-5(80, 205, 223)
37-6(80, 102, 188)
37-7(100, 179, 194)
37-8(100, 177, 187)
37-9(63, 173, 190)
37-10(60, 133, 152)
1-1(244, 216, 107)
1-2(146, 79, 0)
1-3(143, 108, 24)
1-4(188, 159, 89)
1-5(144, 98, 20)
1-6(201, 171, 57)
1-7(132, 91, 9)
2-1(186, 150, 56)
2-2(93, 70, 56)
2-3(79, 148, 203)
2-4(103, 184, 107)
2-5(164, 127, 75)
2-6(201, 133, 52)
2-7(192, 146, 35)
2-8(177, 85, 38)
2-9(218, 192, 95)
2-10(203, 168, 78)
2-11(182, 161, 36)
2-12(214, 94, 59)
2-13(175, 104, 42)
2-14(138, 105, 60)
3-1(84, 53, 0)
3-2(118, 189, 121)
3-3(86, 162, 90)
3-4(83, 194, 224)
3-5(111, 182, 202)
3-6(216, 154, 71)
3-7(154, 120, 57)
3-8(175, 108, 29)
3-9(209, 196, 65)
3-10(179, 143, 83)
3-11(148, 23, 0)
3-12(212, 147, 65)
3-13(211, 170, 116)
3-14(218, 209, 72)
3-15(139, 103, 0)
3-16(142, 10, 8)
3-17(196, 130, 52)
3-18(98, 74, 26)
4-1(71, 117, 176)
4-2(20, 36, 7)
4-3(184, 146, 75)
4-4(190, 154, 94)
4-5(123, 173, 112)
4-6(125, 89, 37)
4-7(150, 117, 76)
4-8(181, 141, 79)
4-9(201, 166, 76)
4-10(184, 149, 55)
4-11(185, 125, 39)
4-12(148, 63, 8)
4-13(206, 63, 55)
4-14(207, 103, 64)
4-15(220, 107, 75)
4-16(240, 114, 115)
4-17(204, 167, 76)
4-18(218, 64, 72)
4-19(218, 147, 55)
4-20(218, 190, 67)
4-21(203, 73, 51)
5-1(200, 171, 103)
5-2(102, 178, 104)
5-3(177, 140, 72)
5-4(100, 182, 204)
5-5(115, 182, 115)
5-6(93, 145, 79)
5-7(154, 118, 70)
5-8(194, 159, 69)
5-9(209, 177, 74)
5-10(180, 144, 82)
5-11(119, 167, 107)
5-12(231, 212, 84)
5-13(221, 60, 65)
5-14(215, 203, 69)
5-15(180, 144, 84)
5-16(182, 146, 88)
5-17(201, 166, 74)
5-18(182, 66, 69)
5-19(223, 67, 68)
5-20(211, 72, 65)
5-21(184, 99, 44)
5-22(195, 63, 48)
5-23(135, 94, 12)
5-24(223, 197, 76)
6-1(151, 121, 83)
6-2(127, 99, 59)
6-3(54, 108, 59)
6-4(156, 117, 58)
6-5(127, 92, 52)
6-6(131, 171, 118)
6-7(108, 175, 106)
6-8(176, 140, 78)
6-9(110, 119, 90)
6-10(218, 206, 62)
6-11(180, 144, 86)
6-12(139, 77, 0)
6-13(221, 160, 79)
6-14(220, 202, 64)
6-15(204, 103, 59)
6-16(178, 142, 82)
6-17(188, 156, 55)
6-18(200, 164, 76)
6-19(210, 126, 66)
6-20(220, 57, 62)
6-21(201, 105, 65)
6-22(217, 145, 71)
6-23(218, 206, 68)
6-24(157, 121, 71)
6-25(219, 148, 70)
6-26(144, 115, 0)
7-1(152, 117, 77)
7-2(199, 164, 72)
7-3(183, 146, 91)
7-4(181, 143, 81)
7-5(185, 152, 57)
7-6(162, 122, 71)
7-7(167, 136, 72)
7-8(152, 119, 74)
7-9(179, 144, 80)
7-10(226, 205, 78)
7-11(198, 140, 56)
7-12(166, 129, 59)
7-13(209, 178, 61)
7-14(213, 146, 59)
7-15(224, 111, 79)
7-16(142, 114, 77)
7-17(203, 165, 82)
7-18(219, 129, 128)
7-19(210, 58, 55)
7-20(193, 124, 47)
7-21(219, 198, 71)
7-22(212, 144, 61)
7-23(160, 121, 16)
7-24(148, 22, 7)
7-25(196, 158, 77)
7-26(137, 157, 120)
7-27(160, 131, 29)
7-28(90, 53, 1)
8-1(173, 135, 73)
8-2(103, 179, 195)
8-3(174, 139, 75)
8-4(192, 156, 98)
8-5(208, 174, 74)
8-6(148, 181, 196)
8-7(141, 104, 62)
8-8(120, 172, 193)
8-9(56, 37, 7)
8-10(76, 140, 201)
8-11(165, 81, 21)
8-12(76, 172, 210)
8-13(92, 178, 193)
8-14(155, 196, 156)
8-15(65, 33, 0)
8-16(155, 191, 155)
8-17(228, 209, 81)
8-18(222, 78, 70)
8-19(190, 45, 40)
8-20(125, 125, 99)
8-21(142, 112, 76)
8-22(222, 205, 75)
8-23(217, 149, 66)
8-24(213, 144, 66)
8-25(198, 105, 62)
8-26(173, 137, 77)
8-27(161, 130, 66)
8-28(146, 115, 50)
8-29(75, 39, 0)
9-1(137, 111, 76)
9-2(104, 180, 196)
9-3(164, 128, 68)
9-4(190, 154, 66)
9-5(173, 134, 77)
9-6(159, 178, 195)
9-7(168, 132, 18)
9-8(214, 205, 64)
9-9(101, 209, 222)
9-10(92, 179, 198)
9-11(116, 203, 212)
9-12(92, 191, 210)
9-13(105, 186, 110)
9-14(130, 191, 122)
9-15(99, 187, 101)
9-16(95, 170, 101)
9-17(97, 170, 185)
9-18(112, 163, 97)
9-19(123, 183, 119)
9-20(95, 183, 203)
9-21(140, 67, 0)
9-22(216, 146, 58)
9-23(180, 143, 62)
9-24(220, 205, 76)
9-25(161, 192, 158)
9-26(206, 169, 80)
9-27(216, 202, 71)
9-28(216, 198, 72)
9-29(112, 87, 67)
9-30(162, 128, 82)
9-31(107, 78, 34)
10-1(178, 119, 41)
10-2(160, 132, 32)
10-3(204, 168, 84)
10-4(165, 138, 33)
10-5(124, 91, 46)
10-6(202, 169, 76)
10-7(120, 84, 32)
10-8(108, 181, 196)
10-9(79, 194, 215)
10-10(108, 174, 112)
10-11(94, 173, 190)
10-12(120, 199, 212)
10-13(75, 103, 186)
10-14(50, 114, 178)
10-15(31, 82, 147)
10-16(72, 125, 193)
10-17(84, 199, 218)
10-18(74, 103, 183)
10-19(132, 170, 189)
10-20(106, 188, 112)
10-21(177, 147, 51)
10-22(169, 130, 55)
10-23(213, 187, 64)
10-24(165, 132, 81)
10-25(208, 177, 87)
10-26(214, 194, 63)
10-27(210, 145, 61)
10-28(186, 146, 35)
10-29(222, 157, 73)
10-30(194, 160, 62)
10-31(211, 161, 64)
10-32(40, 26, 0)
11-1(162, 128, 67)
11-2(213, 188, 69)
11-3(172, 136, 74)
11-4(180, 144, 82)
11-5(203, 170, 73)
11-6(172, 145, 38)
11-7(201, 165, 79)
11-8(73, 131, 195)
11-9(114, 169, 189)
11-10(158, 196, 155)
11-11(82, 199, 216)
11-12(84, 74, 186)
11-13(28, 50, 133)
11-14(79, 177, 212)
11-15(114, 83, 151)
11-16(105, 183, 232)
11-17(84, 75, 184)
11-18(76, 134, 198)
11-19(73, 127, 197)
11-20(82, 197, 218)
11-21(82, 78, 189)
11-22(151, 115, 65)
11-23(141, 156, 117)
11-24(185, 150, 82)
11-25(183, 145, 83)
11-26(204, 169, 79)
11-27(174, 138, 78)
11-28(185, 156, 39)
11-29(139, 106, 63)
11-30(223, 204, 75)
11-31(170, 134, 24)
11-32(90, 66, 20)
11-33(176, 141, 83)
12-1(216, 197, 69)
12-2(200, 163, 83)
12-3(210, 191, 70)
12-4(188, 152, 56)
12-5(216, 171, 90)
12-6(146, 205, 151)
12-7(194, 181, 53)
12-8(128, 97, 32)
12-9(107, 175, 198)
12-10(45, 109, 170)
12-11(35, 84, 151)
12-12(83, 74, 183)
12-13(83, 74, 183)
12-14(68, 126, 190)
12-15(89, 185, 225)
12-16(71, 130, 196)
12-17(75, 104, 184)
12-18(84, 134, 203)
12-19(87, 179, 220)
12-20(64, 128, 189)
12-21(85, 76, 185)
12-22(86, 74, 186)
12-23(120, 197, 213)
12-24(125, 168, 112)
12-25(102, 184, 196)
12-26(220, 204, 69)
12-27(118, 172, 110)
12-28(182, 143, 84)
12-29(183, 144, 85)
12-30(178, 142, 80)
12-31(221, 181, 109)
12-32(155, 117, 68)
12-33(181, 148, 53)
12-34(132, 103, 73)
13-1(79, 169, 177)
13-2(201, 164, 75)
13-3(178, 139, 80)
13-4(174, 142, 85)
13-5(161, 123, 61)
13-6(169, 119, 22)
13-7(181, 146, 82)
13-8(214, 179, 85)
13-9(159, 61, 16)
13-10(72, 129, 196)
13-11(76, 131, 196)
13-12(75, 103, 186)
13-13(75, 141, 202)
13-14(77, 132, 199)
13-15(81, 154, 207)
13-16(90, 155, 213)
13-17(75, 100, 184)
13-18(62, 120, 183)
13-19(115, 84, 152)
13-20(54, 90, 168)
13-21(113, 81, 148)
13-22(74, 98, 184)
13-23(113, 82, 150)
13-24(78, 75, 182)
13-25(86, 137, 202)
13-26(94, 177, 195)
13-27(218, 202, 67)
13-28(188, 151, 63)
13-29(185, 146, 87)
13-30(184, 151, 58)
13-31(215, 202, 71)
13-32(192, 127, 43)
13-33(164, 128, 70)
13-34(194, 157, 87)
13-35(215, 185, 89)
14-1(74, 77, 46)
14-2(172, 139, 86)
14-3(148, 109, 66)
14-4(97, 174, 192)
14-5(192, 149, 80)
14-6(88, 199, 219)
14-7(143, 115, 68)
14-8(123, 90, 45)
14-9(158, 125, 74)
14-10(75, 130, 195)
14-11(75, 103, 186)
14-12(75, 103, 186)
14-13(72, 101, 181)
14-14(72, 130, 194)
14-15(144, 113, 173)
14-16(144, 113, 173)
14-17(144, 113, 173)
14-18(71, 99, 182)
14-19(74, 103, 183)
14-20(71, 129, 193)
14-21(114, 83, 151)
14-22(114, 83, 151)
14-23(144, 112, 175)
14-24(83, 74, 183)
14-25(75, 103, 186)
14-26(52, 35, 0)
14-27(86, 144, 86)
14-28(165, 126, 69)
14-29(209, 174, 72)
14-30(176, 140, 80)
14-31(182, 147, 83)
14-32(226, 205, 77)
14-33(214, 60, 60)
14-34(177, 141, 81)
14-35(221, 204, 74)
15-1(180, 124, 73)
15-2(194, 159, 75)
15-3(167, 133, 87)
15-4(150, 118, 71)
15-5(82, 197, 216)
15-6(84, 199, 218)
15-7(54, 150, 175)
15-8(107, 189, 113)
15-9(103, 183, 110)
15-10(100, 179, 194)
15-11(74, 103, 183)
15-12(86, 169, 209)
15-13(79, 104, 188)
15-14(102, 189, 234)
15-15(144, 113, 173)
15-16(109, 80, 144)
15-17(77, 108, 188)
15-18(84, 75, 184)
15-19(75, 103, 186)
15-20(73, 101, 184)
15-21(114, 83, 151)
15-22(115, 84, 152)
15-23(113, 82, 150)
15-24(114, 83, 151)
15-25(69, 97, 181)
15-26(80, 108, 67)
15-27(86, 199, 217)
15-28(195, 164, 73)
15-29(208, 171, 90)
15-30(163, 126, 73)
15-31(194, 158, 74)
15-32(201, 164, 86)
15-33(200, 102, 63)
15-34(117, 178, 111)
15-35(173, 130, 77)
16-1(141, 109, 62)
16-2(84, 139, 159)
16-3(150, 118, 80)
16-4(187, 149, 84)
16-5(118, 200, 212)
16-6(145, 120, 89)
16-7(190, 156, 108)
16-8(133, 154, 113)
16-9(108, 190, 114)
16-10(84, 155, 207)
16-11(137, 178, 196)
16-12(187, 164, 68)
16-13(89, 178, 222)
16-14(74, 129, 194)
16-15(93, 81, 191)
16-16(81, 185, 214)
16-17(143, 112, 172)
16-18(42, 91, 157)
16-19(75, 133, 197)
16-20(114, 83, 151)
16-21(84, 75, 184)
16-22(80, 197, 214)
16-23(78, 105, 186)
16-24(79, 108, 188)
16-25(148, 114, 174)
16-26(35, 55, 144)
16-27(19, 92, 143)
16-28(71, 129, 192)
16-29(210, 175, 81)
16-30(142, 183, 201)
16-31(145, 110, 78)
16-32(197, 164, 69)
16-33(170, 135, 71)
16-34(212, 146, 62)
16-35(177, 141, 81)
16-36(154, 118, 70)
16-37(118, 176, 115)
17-1(62, 52, 17)
17-2(128, 171, 115)
17-3(178, 143, 85)
17-4(115, 198, 212)
17-5(169, 131, 68)
17-6(118, 92, 75)
17-7(124, 94, 66)
17-8(92, 182, 108)
17-9(190, 155, 97)
17-10(81, 198, 218)
17-11(92, 173, 192)
17-12(98, 173, 196)
17-13(81, 136, 203)
17-14(75, 103, 186)
17-15(75, 103, 186)
17-16(85, 105, 192)
17-17(147, 111, 173)
17-18(89, 81, 193)
17-19(77, 135, 199)
17-20(82, 73, 182)
17-21(81, 71, 183)
17-22(84, 75, 184)
17-23(84, 75, 184)
17-24(84, 72, 184)
17-25(81, 106, 188)
17-26(72, 126, 200)
17-27(85, 75, 187)
17-28(86, 140, 210)
17-29(130, 181, 115)
17-30(243, 217, 96)
17-31(125, 204, 217)
17-32(184, 147, 92)
17-33(195, 161, 64)
17-34(177, 141, 83)
17-35(106, 116, 81)
17-36(114, 183, 129)
17-37(111, 188, 116)
18-1(170, 135, 81)
18-2(163, 127, 75)
18-3(116, 202, 217)
18-4(101, 178, 196)
18-5(117, 175, 116)
18-6(120, 181, 122)
18-7(118, 91, 44)
18-8(81, 128, 73)
18-9(104, 169, 105)
18-10(25, 31, 0)
18-11(128, 172, 113)
18-12(83, 142, 160)
18-13(112, 81, 149)
18-14(86, 74, 184)
18-15(85, 76, 185)
18-16(83, 71, 181)
18-17(114, 82, 155)
18-18(69, 127, 191)
18-19(83, 74, 183)
18-20(113, 84, 151)
18-21(114, 83, 151)
18-22(111, 83, 157)
18-23(83, 75, 186)
18-24(82, 75, 181)
18-25(84, 75, 184)
18-26(84, 72, 182)
18-27(71, 126, 191)
18-28(178, 142, 68)
18-29(96, 155, 221)
18-30(157, 114, 45)
18-31(164, 119, 62)
18-32(208, 167, 79)
18-33(180, 141, 82)
18-34(124, 124, 100)
18-35(83, 126, 72)
18-36(106, 178, 105)
18-37(73, 131, 195)
19-1(98, 181, 101)
19-2(134, 100, 52)
19-3(121, 90, 46)
19-4(133, 197, 137)
19-5(132, 164, 114)
19-6(145, 112, 71)
19-7(104, 181, 197)
19-8(80, 124, 73)
19-9(113, 196, 212)
19-10(96, 160, 99)
19-11(83, 203, 219)
19-12(82, 74, 186)
19-13(73, 130, 197)
19-14(144, 113, 173)
19-15(75, 102, 183)
19-16(74, 67, 173)
19-17(143, 113, 173)
19-18(166, 132, 193)
19-19(114, 83, 151)
19-20(182, 132, 161)
19-21(114, 85, 151)
19-22(113, 82, 150)
19-23(113, 82, 150)
19-24(113, 83, 147)
19-25(73, 101, 184)
19-26(102, 71, 139)
19-27(74, 135, 198)
19-28(100, 179, 194)
19-29(50, 116, 174)
19-30(32, 102, 162)
19-31(176, 138, 75)
19-32(96, 155, 91)
19-33(167, 130, 75)
19-34(179, 140, 81)
19-35(144, 191, 145)
19-36(94, 175, 192)
19-37(75, 130, 195)
20-1(141, 163, 116)
20-2(150, 119, 72)
20-3(86, 199, 217)
20-4(119, 197, 210)
20-5(189, 199, 191)
20-6(106, 190, 201)
20-7(71, 131, 194)
20-8(102, 178, 192)
20-9(71, 129, 193)
20-10(73, 131, 195)
20-11(70, 162, 201)
20-12(84, 76, 185)
20-13(83, 180, 213)
20-14(78, 125, 195)
20-15(115, 83, 150)
20-16(114, 83, 151)
20-17(112, 81, 148)
20-18(114, 83, 151)
20-19(114, 83, 151)
20-20(114, 83, 151)
20-21(113, 82, 150)
20-22(115, 84, 152)
20-23(114, 85, 151)
20-24(171, 131, 181)
20-25(112, 86, 151)
20-26(111, 80, 148)
20-27(74, 100, 184)
20-28(71, 129, 192)
20-29(91, 172, 193)
20-30(58, 115, 182)
20-31(35, 156, 187)
20-32(180, 143, 90)
20-33(177, 145, 84)
20-34(185, 146, 87)
20-35(120, 165, 108)
20-36(139, 182, 199)
20-37(72, 130, 194)
21-1(24, 40, 1)
21-2(109, 186, 196)
21-3(83, 202, 224)
21-4(122, 180, 119)
21-5(85, 177, 218)
21-6(85, 155, 206)
21-7(84, 189, 210)
21-8(128, 144, 105)
21-9(99, 187, 199)
21-10(104, 197, 212)
21-11(120, 195, 214)
21-12(67, 156, 196)
21-13(74, 132, 196)
21-14(79, 104, 188)
21-15(114, 83, 151)
21-16(114, 83, 151)
21-17(114, 83, 151)
21-18(139, 107, 170)
21-19(113, 82, 150)
21-20(196, 138, 189)
21-21(181, 131, 160)
21-22(113, 82, 150)
21-23(114, 83, 151)
21-24(83, 73, 185)
21-25(81, 75, 185)
21-26(80, 73, 185)
21-27(72, 101, 181)
21-28(75, 132, 199)
21-29(94, 170, 186)
21-30(123, 178, 113)
21-31(180, 142, 71)
21-32(200, 165, 75)
21-33(178, 144, 81)
21-34(180, 140, 88)
21-35(152, 120, 79)
21-36(38, 47, 4)
21-37(80, 180, 216)
22-1(114, 180, 118)
22-2(104, 174, 208)
22-3(124, 162, 111)
22-4(74, 132, 196)
22-5(82, 182, 216)
22-6(115, 174, 108)
22-7(88, 67, 40)
22-8(182, 148, 87)
22-9(83, 177, 215)
22-10(135, 180, 199)
22-11(105, 183, 108)
22-12(74, 132, 196)
22-13(84, 199, 218)
22-14(68, 129, 196)
22-15(117, 87, 159)
22-16(114, 83, 151)
22-17(72, 103, 183)
22-18(82, 68, 181)
22-19(145, 114, 174)
22-20(114, 83, 151)
22-21(181, 131, 160)
22-22(113, 82, 150)
22-23(177, 133, 156)
22-24(142, 111, 171)
22-25(86, 74, 184)
22-26(177, 131, 157)
22-27(83, 154, 210)
22-28(83, 75, 186)
22-29(108, 177, 193)
22-30(176, 140, 80)
22-31(93, 174, 193)
22-32(109, 182, 113)
22-33(182, 146, 84)
22-34(113, 84, 42)
22-35(125, 125, 101)
22-36(186, 159, 104)
22-37(99, 175, 189)
23-1(94, 86, 40)
23-2(106, 170, 94)
23-3(118, 200, 212)
23-4(103, 184, 201)
23-5(99, 149, 90)
23-6(88, 167, 180)
23-7(79, 179, 215)
23-8(79, 175, 213)
23-9(101, 178, 198)
23-10(82, 178, 218)
23-11(78, 131, 197)
23-12(113, 82, 149)
23-13(74, 102, 185)
23-14(84, 75, 184)
23-15(69, 127, 190)
23-16(82, 143, 206)
23-17(75, 101, 185)
23-18(182, 137, 168)
23-19(83, 75, 187)
23-20(113, 82, 150)
23-21(115, 84, 152)
23-22(84, 73, 178)
23-23(82, 75, 187)
23-24(75, 68, 180)
23-25(75, 103, 186)
23-26(89, 201, 221)
23-27(125, 176, 120)
23-28(83, 152, 207)
23-29(154, 121, 76)
23-30(145, 115, 79)
23-31(105, 185, 112)
23-32(101, 86, 79)
23-33(194, 159, 69)
23-34(213, 178, 84)
23-35(96, 176, 103)
23-36(134, 132, 109)
24-1(98, 196, 221)
24-2(120, 185, 203)
24-3(67, 91, 177)
24-4(73, 101, 184)
24-5(84, 180, 218)
24-6(72, 132, 192)
24-7(75, 130, 197)
24-8(63, 172, 205)
24-9(121, 199, 211)
24-10(86, 178, 219)
24-11(82, 197, 216)
24-12(77, 132, 197)
24-13(73, 133, 196)
24-14(74, 111, 191)
24-15(68, 123, 188)
24-16(72, 130, 194)
24-17(75, 101, 185)
24-18(77, 130, 198)
24-19(179, 130, 159)
24-20(164, 129, 195)
24-21(84, 72, 180)
24-22(77, 102, 186)
24-23(80, 68, 178)
24-24(115, 80, 146)
24-25(74, 102, 185)
24-26(74, 132, 196)
24-27(108, 186, 110)
24-28(179, 140, 83)
24-29(183, 143, 91)
24-30(117, 168, 109)
24-31(78, 193, 212)
24-32(143, 112, 68)
24-33(125, 95, 61)
24-34(211, 172, 77)
24-35(112, 188, 114)
24-36(118, 166, 104)
25-1(151, 178, 169)
25-2(55, 112, 142)
25-3(73, 126, 196)
25-4(87, 178, 222)
25-5(78, 175, 208)
25-6(138, 179, 197)
25-7(123, 183, 121)
25-8(76, 179, 212)
25-9(191, 156, 90)
25-10(114, 198, 208)
25-11(168, 136, 89)
25-12(184, 145, 90)
25-13(111, 180, 117)
25-14(98, 175, 195)
25-15(87, 179, 220)
25-16(84, 153, 210)
25-17(84, 72, 184)
25-18(69, 100, 180)
25-19(141, 110, 170)
25-20(71, 102, 184)
25-21(90, 71, 186)
25-22(82, 178, 218)
25-23(111, 84, 153)
25-24(67, 105, 178)
25-25(75, 130, 197)
25-26(76, 103, 184)
25-27(176, 141, 77)
25-28(105, 186, 110)
25-29(106, 178, 202)
25-30(82, 178, 220)
25-31(85, 197, 217)
25-32(165, 129, 79)
25-33(185, 151, 88)
25-34(186, 152, 88)
25-35(105, 165, 101)
25-36(47, 50, 3)
26-1(100, 164, 164)
26-2(68, 132, 203)
26-3(83, 179, 217)
26-4(82, 178, 216)
26-5(101, 181, 204)
26-6(111, 182, 112)
26-7(99, 180, 104)
26-8(77, 128, 194)
26-9(75, 130, 195)
26-10(110, 170, 106)
26-11(123, 200, 216)
26-12(86, 137, 200)
26-13(73, 124, 190)
26-14(114, 83, 151)
26-15(85, 179, 215)
26-16(73, 130, 197)
26-17(74, 102, 185)
26-18(65, 96, 178)
26-19(74, 127, 195)
26-20(79, 139, 201)
26-21(167, 133, 194)
26-22(87, 178, 222)
26-23(78, 129, 195)
26-24(98, 175, 217)
26-25(102, 179, 197)
26-26(182, 142, 80)
26-27(143, 113, 79)
26-28(104, 186, 110)
26-29(192, 197, 191)
26-30(101, 182, 103)
26-31(148, 113, 45)
26-32(130, 151, 110)
26-33(108, 185, 203)
26-34(111, 171, 117)
26-35(109, 197, 209)
27-1(73, 157, 183)
27-2(81, 179, 218)
27-3(118, 200, 212)
27-4(101, 178, 198)
27-5(86, 152, 210)
27-6(133, 178, 197)
27-7(103, 180, 196)
27-8(80, 202, 215)
27-9(167, 178, 198)
27-10(91, 198, 216)
27-11(103, 176, 107)
27-12(74, 103, 183)
27-13(84, 75, 184)
27-14(83, 74, 181)
27-15(77, 177, 211)
27-16(85, 179, 215)
27-17(86, 77, 184)
27-18(73, 127, 191)
27-19(75, 130, 195)
27-20(80, 200, 214)
27-21(73, 131, 195)
27-22(74, 132, 196)
27-23(87, 198, 217)
27-24(146, 111, 81)
27-25(195, 143, 44)
27-26(189, 158, 42)
27-27(137, 155, 115)
27-28(105, 186, 110)
27-29(178, 148, 88)
27-30(99, 169, 99)
27-31(162, 127, 87)
27-32(125, 184, 126)
27-33(112, 161, 106)
28-1(64, 63, 141)
28-2(7, 94, 147)
28-3(117, 199, 211)
28-4(100, 177, 195)
28-5(113, 159, 97)
28-6(125, 198, 213)
28-7(83, 198, 216)
28-8(82, 178, 216)
28-9(111, 170, 104)
28-10(73, 175, 215)
28-11(77, 184, 200)
28-12(76, 113, 193)
28-13(86, 74, 184)
28-14(82, 74, 183)
28-15(84, 76, 187)
28-16(74, 102, 185)
28-17(83, 156, 207)
28-18(78, 132, 202)
28-19(118, 81, 151)
28-20(80, 73, 185)
28-21(62, 183, 204)
28-22(88, 200, 224)
28-23(189, 155, 65)
28-24(197, 157, 69)
28-25(138, 179, 197)
28-26(178, 139, 80)
28-27(175, 137, 74)
28-28(147, 112, 70)
28-29(197, 162, 68)
28-30(110, 172, 107)
28-31(107, 203, 217)
28-32(118, 177, 119)
28-33(94, 97, 66)
29-1(79, 101, 184)
29-2(53, 121, 186)
29-3(56, 127, 183)
29-4(150, 196, 157)
29-5(112, 199, 216)
29-6(84, 153, 208)
29-7(98, 184, 199)
29-8(77, 184, 218)
29-9(126, 185, 121)
29-10(119, 198, 211)
29-11(180, 143, 75)
29-12(103, 180, 200)
29-13(85, 75, 187)
29-14(73, 131, 195)
29-15(73, 130, 197)
29-16(73, 129, 203)
29-17(81, 179, 216)
29-18(116, 200, 210)
29-19(84, 75, 184)
29-20(80, 162, 212)
29-21(160, 125, 57)
29-22(105, 84, 53)
29-23(95, 174, 191)
29-24(107, 190, 204)
29-25(225, 210, 81)
29-26(135, 181, 194)
29-27(172, 138, 75)
29-28(102, 180, 200)
29-29(193, 197, 196)
29-30(167, 178, 196)
29-31(132, 180, 190)
30-1(63, 120, 189)
30-2(85, 177, 218)
30-3(106, 178, 192)
30-4(82, 178, 216)
30-5(81, 180, 211)
30-6(137, 178, 196)
30-7(84, 178, 216)
30-8(118, 200, 212)
30-9(102, 179, 197)
30-10(84, 73, 193)
30-11(96, 178, 192)
30-12(181, 144, 91)
30-13(103, 171, 192)
30-14(68, 165, 198)
30-15(75, 101, 186)
30-16(89, 197, 207)
30-17(108, 175, 194)
30-18(83, 195, 209)
30-19(80, 127, 199)
30-20(89, 175, 190)
30-21(120, 198, 211)
30-22(120, 199, 212)
30-23(122, 200, 213)
30-24(133, 103, 69)
30-25(104, 185, 109)
30-26(109, 182, 113)
30-27(103, 184, 108)
30-28(190, 197, 190)
30-29(102, 179, 195)
30-30(127, 176, 193)
31-1(149, 179, 187)
31-2(105, 180, 199)
31-3(75, 130, 197)
31-4(80, 201, 218)
31-5(117, 199, 211)
31-6(68, 183, 214)
31-7(136, 179, 195)
31-8(115, 170, 105)
31-9(80, 200, 214)
31-10(108, 181, 112)
31-11(111, 202, 203)
31-12(129, 177, 200)
31-13(130, 126, 101)
31-14(202, 104, 65)
31-15(219, 201, 77)
31-16(114, 202, 212)
31-17(76, 129, 199)
31-18(86, 198, 218)
31-19(88, 199, 218)
31-20(116, 171, 106)
31-21(127, 164, 113)
31-22(170, 139, 74)
31-23(104, 186, 112)
31-24(154, 195, 153)
31-25(122, 198, 212)
31-26(109, 182, 111)
31-27(117, 199, 211)
31-28(108, 167, 99)
31-29(131, 176, 199)
32-1(59, 118, 162)
32-2(78, 166, 204)
32-3(65, 134, 189)
32-4(76, 130, 200)
32-5(120, 199, 214)
32-6(154, 197, 152)
32-7(154, 199, 158)
32-8(139, 155, 119)
32-9(75, 130, 197)
32-10(103, 181, 106)
32-11(176, 142, 81)
32-12(176, 140, 80)
32-13(165, 124, 80)
32-14(140, 111, 77)
32-15(179, 143, 81)
32-16(84, 155, 209)
32-17(82, 178, 220)
32-18(113, 185, 121)
32-19(120, 165, 184)
32-20(84, 155, 207)
32-21(93, 190, 113)
32-22(73, 134, 201)
32-23(120, 198, 211)
32-24(101, 178, 194)
32-25(154, 195, 153)
32-26(108, 168, 192)
32-27(75, 185, 210)
33-1(184, 211, 192)
33-2(125, 176, 195)
33-3(51, 119, 164)
33-4(119, 197, 210)
33-5(119, 201, 213)
33-6(166, 177, 197)
33-7(104, 206, 229)
33-8(75, 184, 205)
33-9(79, 140, 207)
33-10(136, 177, 195)
33-11(180, 145, 81)
33-12(90, 200, 213)
33-13(176, 142, 81)
33-14(126, 165, 112)
33-15(200, 164, 78)
33-16(96, 181, 202)
33-17(81, 201, 217)
33-18(137, 176, 193)
33-19(101, 178, 198)
33-20(81, 180, 199)
33-21(85, 196, 213)
33-22(102, 179, 195)
33-23(94, 164, 94)
33-24(137, 178, 196)
33-25(90, 173, 203)
34-1(167, 184, 204)
34-2(68, 144, 196)
34-3(79, 200, 217)
34-4(94, 177, 195)
34-5(102, 179, 197)
34-6(107, 180, 111)
34-7(101, 177, 193)
34-8(158, 196, 157)
34-9(118, 170, 108)
34-10(116, 171, 106)
34-11(117, 171, 113)
34-12(86, 186, 201)
34-13(72, 128, 202)
34-14(136, 177, 197)
34-15(97, 179, 201)
34-16(101, 177, 103)
34-17(75, 129, 199)
34-18(75, 179, 214)
34-19(86, 199, 217)
34-20(101, 176, 195)
34-21(83, 185, 223)
34-22(147, 177, 167)
35-1(0, 64, 120)
35-2(34, 106, 121)
35-3(74, 105, 185)
35-4(104, 183, 198)
35-5(104, 210, 236)
35-6(131, 179, 201)
35-7(136, 177, 197)
35-8(101, 178, 106)
35-9(137, 178, 198)
35-10(84, 181, 216)
35-11(106, 184, 222)
35-12(117, 199, 211)
35-13(107, 177, 107)
35-14(75, 130, 197)
35-15(70, 103, 184)
35-16(66, 151, 192)
35-17(132, 179, 195)
35-18(134, 179, 198)
35-19(94, 179, 199)
36-1(79, 179, 215)
36-2(80, 174, 210)
36-3(116, 173, 190)
36-4(60, 129, 186)
36-5(100, 200, 215)
36-6(102, 179, 195)
36-7(103, 180, 198)
36-8(70, 134, 205)
36-9(100, 177, 187)
36-10(60, 130, 190)
36-11(104, 172, 111)
36-12(115, 174, 106)
36-13(105, 175, 112)
36-14(107, 182, 113)
36-15(87, 186, 225)
37-1(124, 179, 173)
37-2(138, 173, 195)
37-3(109, 174, 192)
37-4(111, 165, 177)
37-5(80, 205, 223)
37-6(80, 102, 188)
37-7(100, 179, 194)
37-8(100, 177, 187)
37-9(63, 173, 190)
37-10(60, 133, 152)
